Title,Author,URL,Number of Comments,Upvotes,Text Content
"Fried Cheese, it's step by step on how to make this tasty treat, with pictures.",Quantumentangled,http://imgur.com/a/ukHgv,189,844,No text content
