Title,Author,URL,Number of Comments,Upvotes,Text Content
The most exciting about Skyrim for me:,skyreamed,http://i.imgur.com/7OSTZ.jpg,225,456,No text content
