Title,Author,URL,Number of Comments,Upvotes,Text Content
Whats your go to Melancholy Album/Song?,ThatGuy2551,https://www.reddit.com/r/Music/comments/70relk/whats_your_go_to_melancholy_albumsong/,22,6,"People talk about happy songs quite often but sometimes you just want to dwell in some sadness, whats your go to album for such an occasion?"
