Title,Author,URL,Number of Comments,Upvotes,Text Content
Astronomers make rare exoplanet discovery,uniofwarwick,https://warwick.ac.uk/newsandevents/pressreleases/?newsItem=8a1785d88ce92c6d018cf7e0777f76d3,1,35,No text content
