Title,Author,URL,Number of Comments,Upvotes,Text Content
Apple’s Most Innovative Product Might Be Its Tax-Avoidance Scheme,Philo1927,http://www.slate.com/articles/technology/technology/2017/11/apple_s_most_innovative_product_might_be_its_tax_avoidance_scheme.html,260,4882,No text content
